Taso 0
50
50
100
100
150
150
200
200
250
250
300
300
seuraajat:
300
50
250
100
200
150
150
200
100
250
50
300
raja:
666
loppu
Taso 1
115
175
235
175
seuraajat:
175
175
raja:
2
loppu
Taso 2
175
200
150
50
300
300
240
123
seuraajat:
140
170
330
12
raja:
5
loppu
Taso 3
23
300
230
175
seuraajat:
34
340
340
34
raja:
2
loppu
Taso 4
120
20
20
20
220
220
20
120
seuraajat:
175
175
raja:
5
loppu
Taso 5
234
54
123
74
12
34
123
321
231
132
seuraajat:
76
39
175
143
275
254
43
109
raja:
4
loppu
Taso 6
17
38
345
59
103
195
83
240
72
160
seuraajat:
228
304
92
120
raja:
4
loppu
7